Date,Day,Account_No,Type,Category,Debit_Amount,Credit Amount,Closing Balance
01-08-2018,Wednesday,4998365304,Debit,Medical,2500,0,174656.42
01-08-2018,Wednesday,4998365304,Debit,Medical,324,0,174332.42
02-08-2018,Thursday,4998365304,None,None,0,0,174332.42
03-08-2018,Friday,4998365304,Debit,Medical,404.38,0,173928.04
04-08-2018,Saturday,4998365304,Debit,Medical,100,0,173828.04
04-08-2018,Saturday,4998365304,Debit,Medical,1395,0,172433.04
04-08-2018,Saturday,4998365304,Debit,Medical,225,0,172208.04
04-08-2018,Saturday,4998365304,Debit,Restaurant,110,0,172098.04
04-08-2018,Saturday,4998365304,Debit,ATM,10000,0,162098.04
05-08-2018,Sunday,4998365304,None,None,0,0,162098.04
06-08-2018,Monday,4998365304,Credit,Interest,0,21.62,162119.66
06-08-2018,Monday,4998365304,Debit,Medical,818,0,161301.66
07-08-2018,Tuesday,4998365304,Debit,Medical,2704.84,0,158596.82
08-08-2018,Wednesday,4998365304,None,None,0,0,158596.82
09-08-2018,Thursday,4998365304,Debit,Medical,2053,0,156543.82
10-08-2018,Friday,4998365304,Debit,Shopping,659.75,0,155884.07
10-08-2018,Friday,4998365304,Debit,Entertainment,404.38,0,155479.69
11-08-2018,Saturday,4998365304,Debit,Travel,5077.5,0,154902.19
11-08-2018,Saturday,4998365304,Debit,Travel,50077.5,0,154324.69
11-08-2018,Saturday,4998365304,Debit,Medical,921,0,153403.69
11-08-2018,Saturday,4998365304,Debit,Travel,108,0,153295.69
11-08-2018,Saturday,4998365304,Debit,Medical,853,0,152442.69
11-08-2018,Saturday,4998365304,Debit,Medical,397,0,152045.69
11-08-2018,Saturday,4998365304,Debit,Entertainment,130,0,151915.69
12-08-2018,Sunday,4998365304,Debit,Medical,1375,0,150540.69
12-08-2018,Sunday,4998365304,Debit,Travel,1024,0,149516.69
13-08-2018,Monday,4998365304,Debit,Medical,50,0,149466.69
13-08-2018,Monday,4998365304,Credit,Interest,0,20.29,149486.98
14-08-2018,Tuesday,4998365304,Debit,Shopping,1305,0,148181.98
14-08-2018,Tuesday,4998365304,Debit,Medical,931,0,147250.98
15-08-2018,Wednesday,4998365304,Debit,ATM,10000,0,137250.98
16-08-2018,Thursday,4998365304,Debit,Rent,14000,0,123250.98
17-08-2018,Friday,4998365304,Debit,Medical,2800.52,0,120450.46
18-08-2018,Saturday,4998365304,Debit,Medical,410,0,120040.46
18-08-2018,Saturday,4998365304,Debit,Medical,8400,0,111640.46
18-08-2018,Saturday,4998365304,Debit,Medical,8296,0,103344.46
18-08-2018,Saturday,4998365304,Debit,Medical,11610,0,91734.46
19-08-2018,Sunday,4998365304,Debit,Medical,412,0,91322.46
20-08-2018,Monday,4998365304,Credit,Interest,0,21,91343.46
21-08-2018,Tuesday,4998365304,None,None,0,0,91343.46
22-08-2018,Wednesday,4998365304,Debit,ATM,10000,0,81343.46
23-08-2018,Thursday,4998365304,Debit,Medical,18777,0,62566.46
23-08-2018,Thursday,4998365304,Debit,Shopping,685,0,61881.46
23-08-2018,Thursday,4998365304,Debit,Restaurant,126,0,61755.46
24-08-2018,Friday,4998365304,None,None,0,0,61755.46
25-08-2018,Saturday,4998365304,Debit,Medical,548,0,61207.46
25-08-2018,Saturday,4998365304,Debit,Medical,399,0,60808.46
25-08-2018,Saturday,4998365304,Debit,Medical,445,0,60363.46
25-08-2018,Saturday,4998365304,Debit,Medical,764,0,59599.46
25-08-2018,Saturday,4998365304,Debit,Medical,386,0,59213.46
25-08-2018,Saturday,4998365304,Debit,Medical,772,0,58441.46
25-08-2018,Saturday,4998365304,Debit,ATM,10000,0,48441.46
25-08-2018,Saturday,4998365304,Debit,ATM,10000,0,38441.46
26-08-2018,Sunday,4998365304,None,None,0,0,38441.46
27-08-2018,Monday,4998365304,Debit,Medical,2949.49,0,35491.97
28-08-2018,Tuesday,4998365304,None,None,0,0,35491.97
29-08-2018,Wednesday,4998365304,Debit,Travel,1380,0,34111.97
30-08-2018,Thursday,4998365304,Credit,Interest,0,22.12,34134.09
30-08-2018,Thursday,4998365304,Debit,Medical,3300,0,30834.09
31-08-2018,Friday,4998365304,Debit,Travel,892.5,0,29941.59
31-08-2018,Friday,4998365304,Debit,Travel,590,0,29351.59
31-08-2018,Friday,4998365304,Credit,Salary,0,250254,279605.59
31-08-2018,Friday,4998365304,Debit,Medical,340,0,279265.59
01-09-2018,Saturday,4998365304,Debit,Medical,200,0,279065.59
01-09-2018,Saturday,4998365304,Debit,Entertainment,33.5,0,279032.09
01-09-2018,Saturday,4998365304,Debit,Restaurant,830,0,278202.09
02-09-2018,Sunday,4998365304,None,None,0,0,278202.09
03-09-2018,Monday,4998365304,None,None,0,0,278202.09
04-09-2018,Tuesday,4998365304,None,None,0,0,278202.09
05-09-2018,Wednesday,4998365304,None,None,0,0,278202.09
06-09-2018,Thursday,4998365304,Debit,Medical,2880.09,0,275322
07-09-2018,Friday,4998365304,None,None,0,0,275322
08-09-2018,Saturday,4998365304,Debit,ATM,10000,0,265322
08-09-2018,Saturday,4998365304,Debit,Travel,10000,0,255322
08-09-2018,Saturday,4998365304,Debit,Medical,3257,0,252065
09-09-2018,Sunday,4998365304,None,None,0,0,252065
10-09-2018,Monday,4998365304,Debit,Rent,20000,0,232065
11-09-2018,Tuesday,4998365304,Debit,Entertainment,202.19,0,231862.81
12-09-2018,Wednesday,4998365304,None,None,0,0,231862.81
13-09-2018,Thursday,4998365304,None,None,0,0,231862.81
14-09-2018,Friday,4998365304,None,None,0,0,231862.81
15-09-2018,Saturday,4998365304,Debit,Entertainment,243.66,0,231619.15
15-09-2018,Saturday,4998365304,Debit,Medical,5089,0,226530.15
16-09-2018,Sunday,4998365304,Debit,Medical,2569.88,0,223960.27
17-09-2018,Monday,4998365304,None,None,0,0,223960.27
18-09-2018,Tuesday,4998365304,Credit,Interest,0,19.27,223979.54
19-09-2018,Wednesday,4998365304,Debit,ATM,10000,0,213979.54
20-09-2018,Thursday,4998365304,Debit,Entertainment,202.19,0,213777.35
21-09-2018,Friday,4998365304,None,None,0,0,213777.35
22-09-2018,Saturday,4998365304,None,None,0,0,213777.35
23-09-2018,Sunday,4998365304,Debit,Shopping,1000,0,212777.35
24-09-2018,Monday,4998365304,None,None,0,0,212777.35
25-09-2018,Tuesday,4998365304,None,None,0,0,212777.35
26-09-2018,Wednesday,4998365304,Credit,Interest,0,2250,215027.35
26-09-2018,Wednesday,4998365304,Debit,Medical,3000.65,0,212026.7
27-09-2018,Thursday,4998365304,Debit,Entertainment,202.19,0,211824.51
28-09-2018,Friday,4998365304,Credit,Interest,0,22.5,211847.01
28-09-2018,Friday,4998365304,Credit,Salary,0,250254,462101.01
28-09-2018,Friday,4998365304,Debit,Medical,1869,0,460232.01
29-09-2018,Saturday,4998365304,Debit,Travel,1180,0,459052.01
29-09-2018,Saturday,4998365304,Debit,Medical,2108,0,456944.01
29-09-2018,Saturday,4998365304,Debit,Medical,202.19,0,456741.82
29-09-2018,Saturday,4998365304,Debit,Medical,202.19,0,456539.63
30-09-2018,Sunday,4998365304,Debit,Medical,1185,0,455354.63
30-09-2018,Sunday,4998365304,Debit,ATM,10000,0,445354.63
30-09-2018,Sunday,4998365304,Debit,Shopping,1155.75,0,444198.88
30-09-2018,Sunday,4998365304,Credit,Interest,0,1673,445871.88
